4557
Date,Open,High,Low,Close,Volume,Trading Value